[gd_scene load_steps=14 format=3 uid="uid://bdrwrgu880nc2"]

[ext_resource type="Script" path="res://game_controller.gd" id="1_30ppm"]
[ext_resource type="Texture2D" uid="uid://c48ioebxkdcpx" path="res://sprites/Cenário provisório.png" id="1_ba5qy"]
[ext_resource type="PackedScene" uid="uid://wpcf6xa2nnpu" path="res://atores/Player.tscn" id="2_n6bd1"]
[ext_resource type="Script" path="res://scripts/camera.gd" id="3_aqw04"]
[ext_resource type="Script" path="res://scripts/ui_main.gd" id="4_mfwdc"]
[ext_resource type="PackedScene" uid="uid://dgfcd60jf7y6s" path="res://item/Drink.tscn" id="5_22qpw"]
[ext_resource type="PackedScene" uid="uid://d02c4ggx4ko4k" path="res://atores/Goblin.tscn" id="6_w7dak"]

[sub_resource type="StyleBoxFlat" id="StyleBoxFlat_r3odh"]
bg_color = Color(1, 0.272832, 0.223668, 1)

[sub_resource type="StyleBoxFlat" id="StyleBoxFlat_comcw"]
bg_color = Color(0, 0.536911, 0.179694, 1)

[sub_resource type="PlaneMesh" id="PlaneMesh_vmd1h"]
size = Vector2(4, 10)

[sub_resource type="ConcavePolygonShape3D" id="ConcavePolygonShape3D_2g513"]
data = PackedVector3Array(2, 0, 5, -2, 0, 5, 2, 0, -5, -2, 0, 5, -2, 0, -5, 2, 0, -5)

[sub_resource type="BoxMesh" id="BoxMesh_54bg6"]
size = Vector3(4, 1, 0.1)

[sub_resource type="ConcavePolygonShape3D" id="ConcavePolygonShape3D_v6iyh"]
data = PackedVector3Array(-2, 0.5, 0.05, 2, 0.5, 0.05, -2, -0.5, 0.05, 2, 0.5, 0.05, 2, -0.5, 0.05, -2, -0.5, 0.05, 2, 0.5, -0.05, -2, 0.5, -0.05, 2, -0.5, -0.05, -2, 0.5, -0.05, -2, -0.5, -0.05, 2, -0.5, -0.05, 2, 0.5, 0.05, 2, 0.5, -0.05, 2, -0.5, 0.05, 2, 0.5, -0.05, 2, -0.5, -0.05, 2, -0.5, 0.05, -2, 0.5, -0.05, -2, 0.5, 0.05, -2, -0.5, -0.05, -2, 0.5, 0.05, -2, -0.5, 0.05, -2, -0.5, -0.05, 2, 0.5, 0.05, -2, 0.5, 0.05, 2, 0.5, -0.05, -2, 0.5, 0.05, -2, 0.5, -0.05, 2, 0.5, -0.05, -2, -0.5, 0.05, 2, -0.5, 0.05, -2, -0.5, -0.05, 2, -0.5, 0.05, 2, -0.5, -0.05, -2, -0.5, -0.05)

[node name="Node3D" type="Node3D"]

[node name="GameController" type="Node" parent="." node_paths=PackedStringArray("_player", "_camera", "_ui_main")]
script = ExtResource("1_30ppm")
_player = NodePath("../Player")
_camera = NodePath("../Camera")
_ui_main = NodePath("../UIMain")

[node name="UIMain" type="CanvasLayer" parent="."]
script = ExtResource("4_mfwdc")

[node name="Player" type="Control" parent="UIMain"]
layout_mode = 3
anchors_preset = 0
offset_right = 385.0
offset_bottom = 50.0

[node name="Health" type="ProgressBar" parent="UIMain/Player"]
layout_mode = 0
offset_left = 13.0
offset_top = 12.0
offset_right = 365.0
offset_bottom = 39.0
theme_override_styles/background = SubResource("StyleBoxFlat_r3odh")
theme_override_styles/fill = SubResource("StyleBoxFlat_comcw")
value = 100.0
show_percentage = false

[node name="Cenario" type="Sprite3D" parent="."]
transform = Transform3D(1, 0, 0, 0, 1, 0, 0, 0, 1, 0, 0.5, -1)
texture_filter = 0
texture = ExtResource("1_ba5qy")

[node name="Camera" type="Camera3D" parent="."]
transform = Transform3D(1, 0, 0, 0, 0.898794, 0.438371, 0, -0.438371, 0.898794, -0.6, 1.839, 1.736)
projection = 1
current = true
script = ExtResource("3_aqw04")

[node name="Chão" type="MeshInstance3D" parent="."]
transform = Transform3D(1, 0, 0, 0, 1, 0, 0, 0, 1, 0, 0.531642, 2.17157)
visible = false
mesh = SubResource("PlaneMesh_vmd1h")

[node name="StaticBody3D" type="StaticBody3D" parent="Chão"]

[node name="CollisionShape3D" type="CollisionShape3D" parent="Chão/StaticBody3D"]
shape = SubResource("ConcavePolygonShape3D_2g513")

[node name="Parede" type="MeshInstance3D" parent="."]
transform = Transform3D(1, 0, 0, 0, 1, 0, 0, 0, 1, 0.00262737, 0.992852, -0.871464)
visible = false
mesh = SubResource("BoxMesh_54bg6")

[node name="StaticBody3D" type="StaticBody3D" parent="Parede"]

[node name="CollisionShape3D" type="CollisionShape3D" parent="Parede/StaticBody3D"]
shape = SubResource("ConcavePolygonShape3D_v6iyh")

[node name="Player" parent="." instance=ExtResource("2_n6bd1")]
transform = Transform3D(1, 0, 0, 0, 0.898794, 0.438371, 0, -0.438371, 0.898794, -1.21, 0.55, -0.659)

[node name="Parede2" type="MeshInstance3D" parent="."]
transform = Transform3D(1, 0, 0, 0, 1, 0, 0, 0, 1, 0, 1.049, 0.3)
visible = false
mesh = SubResource("BoxMesh_54bg6")

[node name="StaticBody3D" type="StaticBody3D" parent="Parede2"]

[node name="CollisionShape3D" type="CollisionShape3D" parent="Parede2/StaticBody3D"]
shape = SubResource("ConcavePolygonShape3D_v6iyh")

[node name="Drink" parent="." instance=ExtResource("5_22qpw")]
transform = Transform3D(1, 0, 0, 0, 0.898794, 0.438371, 0, -0.438371, 0.898794, -0.85, 0.54, 0)

[node name="Goblin" parent="." instance=ExtResource("6_w7dak")]
transform = Transform3D(1, 0, 0, 0, 0.898794, 0.438371, 0, -0.438371, 0.898794, -1.4, 0.5, -0.15)

[node name="Goblin2" parent="." instance=ExtResource("6_w7dak")]
transform = Transform3D(1, 0, 0, 0, 0.898794, 0.438371, 0, -0.438371, 0.898794, 0.867752, 0.489293, -0.366726)

[node name="Goblin3" parent="." instance=ExtResource("6_w7dak")]
transform = Transform3D(1, 0, 0, 0, 0.898794, 0.438371, 0, -0.438371, 0.898794, 0.595525, 0.531642, -0.302549)
